0.0000e+00
4.4576e-06
8.9152e-06
1.3373e-05
1.7830e-05
2.2288e-05
2.6746e-05
3.1203e-05
3.5661e-05
4.0153e-05
4.4645e-05
4.9136e-05
5.3628e-05
5.9019e-05
6.4411e-05
6.9802e-05
7.5193e-05
8.1641e-05
8.8089e-05
9.4537e-05
1.0098e-04
1.0876e-04
1.1654e-04
1.2432e-04
1.3210e-04
1.3304e-04
1.3398e-04
1.3493e-04
1.3587e-04
1.3682e-04
1.3776e-04
1.3871e-04
1.3965e-04
1.4013e-04
1.4060e-04
1.4107e-04
1.4154e-04
1.4202e-04
1.4249e-04
1.4296e-04
1.4343e-04
1.4367e-04
1.4391e-04
1.4414e-04
1.4438e-04
1.4461e-04
1.4485e-04
1.4509e-04
1.4532e-04
1.4544e-04
1.4556e-04
1.4568e-04
1.4579e-04
1.4591e-04
1.4603e-04
1.4615e-04
1.4627e-04
1.4686e-04
1.4745e-04
1.4804e-04
1.4863e-04
1.4878e-04
1.4892e-04
1.4907e-04
1.4922e-04
1.4925e-04
1.4927e-04
1.4930e-04
1.4932e-04
1.4933e-04
1.4933e-04
1.4934e-04
1.4934e-04
1.4935e-04
1.4935e-04
1.4936e-04
1.4936e-04
1.4937e-04
1.4937e-04
1.4937e-04
1.4938e-04
1.4938e-04
1.4938e-04
1.4938e-04
1.4938e-04
1.4938e-04
1.4938e-04
1.4938e-04
1.4938e-04
1.4938e-04
1.4938e-04
1.4938e-04
1.4938e-04
1.4938e-04
1.4938e-04
1.4938e-04
1.4938e-04
1.4938e-04
1.4938e-04
1.4938e-04
1.4938e-04
1.4938e-04
1.4938e-04
1.4938e-04
1.4938e-04
1.4938e-04
1.4938e-04
1.4938e-04
1.4938e-04
1.4938e-04
1.4938e-04
1.4938e-04
1.4939e-04
1.4939e-04
1.4939e-04
1.4940e-04
1.4940e-04
1.4942e-04
1.4944e-04
1.4946e-04
1.4948e-04
1.4957e-04
1.4967e-04
1.4977e-04
1.4986e-04
1.5034e-04
1.5082e-04
1.5130e-04
1.5178e-04
1.5362e-04
1.5546e-04
1.5729e-04
1.5913e-04
1.6101e-04
1.6288e-04
1.6475e-04
1.6662e-04
1.6859e-04
1.7055e-04
1.7252e-04
1.7449e-04
1.7655e-04
1.7861e-04
1.8068e-04
1.8274e-04
1.8490e-04
1.8707e-04
1.8923e-04
1.9139e-04
1.9366e-04
1.9593e-04
1.9819e-04
2.0046e-04
2.0284e-04
2.0522e-04
2.0759e-04
2.0997e-04
2.1246e-04
2.1495e-04
2.1744e-04
2.1993e-04
2.2253e-04
2.2514e-04
2.2775e-04
2.3036e-04
2.3309e-04
2.3582e-04
2.3855e-04
2.4128e-04
2.4414e-04
2.4699e-04
2.4985e-04
2.5271e-04
2.5570e-04
2.5869e-04
2.6168e-04
2.6467e-04
2.6780e-04
2.7093e-04
2.7406e-04
2.7719e-04
2.8046e-04
2.8374e-04
2.8701e-04
2.9028e-04
2.9370e-04
2.9713e-04
3.0055e-04
3.0397e-04
3.0755e-04
3.1113e-04
3.1471e-04
3.1828e-04
3.2202e-04
3.2576e-04
3.2950e-04
3.3325e-04
3.3715e-04
3.4106e-04
3.4497e-04
3.4888e-04
3.5296e-04
3.5705e-04
3.6113e-04
3.6521e-04
3.6948e-04
3.7374e-04
3.7801e-04
3.8228e-04
3.8673e-04
3.9118e-04
3.9564e-04
4.0009e-04
4.0474e-04
4.0939e-04
4.1405e-04
4.1870e-04
4.2355e-04
4.2841e-04
4.3326e-04
4.3811e-04
4.4318e-04
4.4825e-04
4.5331e-04
4.5838e-04
4.6366e-04
4.6895e-04
4.7423e-04
4.7952e-04
4.8503e-04
4.9054e-04
4.9605e-04
5.0156e-04
5.0731e-04
5.1305e-04
5.1880e-04
5.2454e-04
5.3053e-04
5.3652e-04
5.4251e-04
5.4849e-04
5.5473e-04
5.6097e-04
5.6721e-04
5.7344e-04
5.7994e-04
5.8643e-04
5.9293e-04
5.9942e-04
6.0618e-04
6.1294e-04
6.1969e-04
6.2645e-04
6.3348e-04
6.4051e-04
6.4753e-04
6.5456e-04
6.6186e-04
6.6917e-04
6.7647e-04
6.8377e-04
6.9135e-04
6.9894e-04
7.0652e-04
7.1410e-04
7.2197e-04
7.2983e-04
7.3770e-04
7.4557e-04
7.5372e-04
7.6187e-04
7.7002e-04
7.7818e-04
7.8662e-04
7.9505e-04
8.0349e-04
8.1193e-04
8.2066e-04
8.2939e-04
8.3811e-04
8.4684e-04
8.5585e-04
8.6486e-04
8.7387e-04
8.8288e-04
8.9218e-04
9.0147e-04
9.1076e-04
9.2005e-04
9.2962e-04
9.3919e-04
9.4876e-04
9.5833e-04
9.6817e-04
9.7801e-04
9.8785e-04
9.9768e-04
1.0079e-03
1.0181e-03
1.0283e-03
1.0385e-03
1.0488e-03
1.0592e-03
1.0695e-03
1.0799e-03
1.0905e-03
1.1011e-03
1.1117e-03
1.1223e-03
1.1331e-03
1.1440e-03
1.1548e-03
1.1656e-03
1.1767e-03
1.1878e-03
1.1988e-03
1.2099e-03
1.2212e-03
1.2325e-03
1.2437e-03
1.2550e-03
1.2665e-03
1.2780e-03
1.2895e-03
1.3009e-03
1.3126e-03
1.3243e-03
1.3360e-03
1.3476e-03
1.3595e-03
1.3714e-03
1.3832e-03
1.3951e-03
1.4072e-03
1.4192e-03
1.4312e-03
1.4433e-03
1.4555e-03
1.4677e-03
1.4799e-03
1.4921e-03
1.5045e-03
1.5169e-03
1.5293e-03
1.5417e-03
1.5542e-03
1.5667e-03
1.5793e-03
1.5918e-03
1.6045e-03
1.6172e-03
1.6299e-03
1.6426e-03
1.6554e-03
1.6683e-03
1.6811e-03
1.6939e-03
1.7069e-03
1.7199e-03
1.7329e-03
1.7459e-03
1.7590e-03
1.7721e-03
1.7852e-03
1.7984e-03
1.8116e-03
1.8249e-03
1.8381e-03
1.8514e-03
1.8648e-03
1.8782e-03
1.8916e-03
1.9050e-03
1.9185e-03
1.9320e-03
1.9456e-03
1.9591e-03
1.9727e-03
1.9864e-03
2.0001e-03
2.0137e-03
2.0275e-03
2.0413e-03
2.0551e-03
2.0689e-03
2.0828e-03
2.0967e-03
2.1106e-03
2.1245e-03
2.1386e-03
2.1526e-03
2.1667e-03
2.1807e-03
2.1949e-03
2.2091e-03
2.2233e-03
2.2374e-03
2.2517e-03
2.2660e-03
2.2803e-03
2.2946e-03
2.3091e-03
2.3235e-03
2.3379e-03
2.3524e-03
2.3669e-03
2.3815e-03
2.3961e-03
2.4106e-03
2.4253e-03
2.4400e-03
2.4547e-03
2.4694e-03
2.4843e-03
2.4991e-03
2.5139e-03
2.5287e-03
2.5437e-03
2.5587e-03
2.5736e-03
2.5886e-03
2.6037e-03
2.6188e-03
2.6339e-03
2.6490e-03
2.6643e-03
2.6795e-03
2.6948e-03
2.7100e-03
2.7254e-03
2.7408e-03
2.7562e-03
2.7716e-03
2.7871e-03
2.8027e-03
2.8182e-03
2.8337e-03
2.8494e-03
2.8651e-03
2.8808e-03
2.8965e-03
2.9124e-03
2.9283e-03
2.9441e-03
2.9600e-03
2.9760e-03
2.9920e-03
3.0081e-03
3.0241e-03
3.0403e-03
3.0565e-03
3.0727e-03
3.0889e-03
3.1053e-03
3.1217e-03
3.1381e-03
3.1545e-03
3.1710e-03
3.1876e-03
3.2042e-03
3.2208e-03
3.2376e-03
3.2544e-03
3.2712e-03
3.2880e-03
3.3050e-03
3.3220e-03
3.3391e-03
3.3561e-03
3.3734e-03
3.3906e-03
3.4079e-03
3.4252e-03
3.4427e-03
3.4603e-03
3.4778e-03
3.4953e-03
3.5132e-03
3.5310e-03
3.5488e-03
3.5667e-03
3.5849e-03
3.6030e-03
3.6212e-03
3.6394e-03
3.6579e-03
3.6765e-03
3.6950e-03
3.7136e-03
3.7326e-03
3.7516e-03
3.7706e-03
3.7896e-03
3.8092e-03
3.8287e-03
3.8482e-03
3.8678e-03
3.8880e-03
3.9082e-03
3.9284e-03
3.9486e-03
3.9696e-03
3.9907e-03
4.0118e-03
4.0328e-03
4.0551e-03
4.0774e-03
4.0997e-03
4.1219e-03
4.1462e-03
4.1704e-03
4.1947e-03
4.2189e-03
4.2477e-03
4.2765e-03
4.3052e-03
4.3340e-03
4.3581e-03
4.3823e-03
4.4064e-03
4.4305e-03
4.4547e-03
4.4788e-03
4.5029e-03
4.5271e-03
4.5489e-03
4.5707e-03
4.5926e-03
4.6144e-03
4.6347e-03
4.6550e-03
4.6754e-03
4.6957e-03
4.7150e-03
4.7343e-03
4.7537e-03
4.7730e-03
4.7915e-03
4.8101e-03
4.8287e-03
4.8472e-03
4.8652e-03
4.8832e-03
4.9011e-03
4.9191e-03
4.9366e-03
4.9540e-03
4.9715e-03
4.9889e-03
5.0059e-03
5.0229e-03
5.0399e-03
5.0569e-03
5.0736e-03
5.0902e-03
5.1068e-03
5.1234e-03
5.1397e-03
5.1559e-03
5.1722e-03
5.1885e-03
5.2044e-03
5.2204e-03
5.2363e-03
5.2522e-03
5.2679e-03
5.2835e-03
5.2992e-03
5.3148e-03
5.3302e-03
5.3456e-03
5.3609e-03
5.3763e-03
5.3914e-03
5.4065e-03
5.4216e-03
5.4368e-03
5.4516e-03
5.4665e-03
5.4814e-03
5.4962e-03
5.5109e-03
5.5255e-03
5.5401e-03
5.5548e-03
5.5692e-03
5.5836e-03
5.5980e-03
5.6125e-03
5.6267e-03
5.6409e-03
5.6551e-03
5.6693e-03
5.6833e-03
5.6973e-03
5.7113e-03
5.7253e-03
5.7391e-03
5.7530e-03
5.7668e-03
5.7806e-03
5.7942e-03
5.8078e-03
5.8215e-03
5.8351e-03
5.8485e-03
5.8620e-03
5.8754e-03
5.8889e-03
5.9022e-03
5.9154e-03
5.9287e-03
5.9420e-03
5.9551e-03
5.9682e-03
5.9813e-03
5.9944e-03
6.0073e-03
6.0203e-03
6.0332e-03
6.0461e-03
6.0589e-03
6.0717e-03
6.0845e-03
6.0972e-03
6.1098e-03
6.1225e-03
6.1351e-03
6.1477e-03
6.1602e-03
6.1726e-03
6.1851e-03
6.1976e-03
6.2099e-03
6.2222e-03
6.2345e-03
6.2468e-03
6.2590e-03
6.2711e-03
6.2833e-03
6.2955e-03
6.3075e-03
6.3195e-03
6.3315e-03
6.3436e-03
6.3554e-03
6.3673e-03
6.3792e-03
6.3911e-03
6.4028e-03
6.4146e-03
6.4263e-03
6.4380e-03
6.4496e-03
6.4612e-03
6.4728e-03
6.4844e-03
6.4959e-03
6.5074e-03
6.5189e-03
6.5303e-03
6.5417e-03
6.5530e-03
6.5643e-03
6.5757e-03
6.5869e-03
6.5981e-03
6.6093e-03
6.6205e-03
6.6315e-03
6.6426e-03
6.6537e-03
6.6648e-03
6.6757e-03
6.6866e-03
6.6976e-03
6.7085e-03
6.7194e-03
6.7302e-03
6.7410e-03
6.7518e-03
6.7625e-03
6.7732e-03
6.7839e-03
6.7946e-03
6.8052e-03
6.8157e-03
6.8263e-03
6.8369e-03
6.8473e-03
6.8578e-03
6.8682e-03
6.8787e-03
6.8890e-03
6.8993e-03
6.9097e-03
6.9200e-03
6.9302e-03
6.9404e-03
6.9506e-03
6.9608e-03
6.9709e-03
6.9810e-03
6.9911e-03
7.0012e-03
7.0112e-03
7.0212e-03
7.0311e-03
7.0411e-03
7.0510e-03
7.0608e-03
7.0707e-03
7.0806e-03
7.0903e-03
7.1000e-03
7.1098e-03
7.1195e-03
7.1292e-03
7.1388e-03
7.1484e-03
7.1581e-03
7.1676e-03
7.1771e-03
7.1866e-03
7.1962e-03
7.2056e-03
7.2150e-03
7.2244e-03
7.2338e-03
7.2431e-03
7.2524e-03
7.2617e-03
7.2710e-03
7.2802e-03
7.2894e-03
7.2986e-03
7.3078e-03
7.3169e-03
7.3260e-03
7.3350e-03
7.3441e-03
7.3531e-03
7.3621e-03
7.3711e-03
7.3800e-03
7.3889e-03
7.3978e-03
7.4067e-03
7.4155e-03
7.4243e-03
7.4331e-03
7.4418e-03
7.4506e-03
7.4593e-03
7.4679e-03
7.4766e-03
7.4852e-03
7.4938e-03
7.5024e-03
7.5109e-03
7.5195e-03
7.5279e-03
7.5364e-03
7.5448e-03
7.5533e-03
7.5617e-03
7.5700e-03
7.5784e-03
7.5867e-03
7.5950e-03
7.6032e-03
7.6115e-03
7.6197e-03
7.6279e-03
7.6361e-03
7.6442e-03
7.6524e-03
7.6604e-03
7.6685e-03
7.6765e-03
7.6846e-03
7.6925e-03
7.7005e-03
7.7085e-03
7.7164e-03
7.7243e-03
7.7321e-03
7.7400e-03
7.7479e-03
7.7556e-03
7.7634e-03
7.7712e-03
7.7789e-03
7.7866e-03
7.7943e-03
7.8019e-03
7.8096e-03
7.8172e-03
7.8247e-03
7.8323e-03
7.8399e-03
7.8474e-03
7.8548e-03
7.8623e-03
7.8698e-03
7.8772e-03
7.8846e-03
7.8920e-03
7.8994e-03
7.9066e-03
7.9139e-03
7.9212e-03
7.9285e-03
7.9357e-03
7.9429e-03
7.9501e-03
7.9573e-03
7.9644e-03
7.9716e-03
7.9787e-03
7.9858e-03
7.9928e-03
7.9998e-03
8.0068e-03
8.0139e-03
8.0208e-03
8.0277e-03
8.0347e-03
8.0416e-03
8.0484e-03
8.0553e-03
8.0621e-03
8.0690e-03
8.0757e-03
8.0825e-03
8.0892e-03
8.0960e-03
8.1027e-03
8.1093e-03
8.1160e-03
8.1227e-03
8.1293e-03
8.1358e-03
8.1424e-03
8.1490e-03
8.1555e-03
8.1620e-03
8.1685e-03
8.1750e-03
8.1814e-03
8.1878e-03
8.1942e-03
8.2007e-03
8.2070e-03
8.2133e-03
8.2196e-03
8.2260e-03
8.2322e-03
8.2385e-03
8.2447e-03
8.2510e-03
8.2571e-03
8.2633e-03
8.2695e-03
8.2756e-03
8.2817e-03
8.2878e-03
8.2939e-03
8.3000e-03
8.3060e-03
8.3120e-03
8.3180e-03
8.3240e-03
8.3299e-03
8.3358e-03
8.3417e-03
8.3477e-03
8.3535e-03
8.3593e-03
8.3652e-03
8.3710e-03
8.3768e-03
8.3826e-03
8.3883e-03
8.3941e-03
8.3998e-03
8.4055e-03
8.4112e-03
8.4169e-03
8.4225e-03
8.4281e-03
8.4337e-03
8.4393e-03
8.4448e-03
8.4504e-03
8.4559e-03
8.4614e-03
8.4620e-03
8.4625e-03
8.4631e-03
8.4636e-03
8.4642e-03
8.4647e-03
8.4653e-03
8.4658e-03
8.4661e-03
8.4664e-03
8.4666e-03
8.4669e-03
8.4672e-03
8.4674e-03
8.4677e-03
8.4680e-03
8.4694e-03
8.4707e-03
8.4721e-03
8.4735e-03
8.4740e-03
8.4745e-03
8.4751e-03
8.4756e-03
8.4757e-03
8.4757e-03
8.4758e-03
8.4759e-03
8.4759e-03
8.4759e-03
8.4759e-03
8.4759e-03
8.4759e-03
8.4759e-03
8.4759e-03
8.4759e-03
8.4759e-03
8.4759e-03
8.4759e-03
8.4759e-03
8.4759e-03
8.4759e-03
8.4759e-03
8.4759e-03
8.4759e-03
8.4759e-03
8.4759e-03
8.4759e-03
8.4759e-03
8.4759e-03
8.4759e-03
8.4759e-03
8.4759e-03
8.4759e-03
8.4759e-03
8.4759e-03
8.4759e-03
8.4759e-03
8.4759e-03
8.4759e-03
8.4759e-03
8.4759e-03
8.4759e-03
8.4759e-03
8.4759e-03
8.4759e-03
8.4759e-03
8.4759e-03
8.4759e-03
8.4759e-03
8.4759e-03
8.4759e-03
8.4759e-03
8.4759e-03
8.4759e-03
8.4759e-03
8.4759e-03
8.4759e-03
8.4759e-03
8.4759e-03
8.4759e-03
8.4759e-03
8.4759e-03
8.4759e-03
8.4760e-03
8.4760e-03
8.4760e-03
8.4760e-03
8.4760e-03
8.4761e-03
8.4761e-03
8.4761e-03
8.4763e-03
8.4765e-03
8.4767e-03
8.4769e-03
8.4778e-03
8.4787e-03
8.4796e-03
8.4805e-03
8.4851e-03
8.4897e-03
8.4943e-03
8.4989e-03
8.5012e-03
8.5035e-03
8.5058e-03
8.5081e-03
8.5083e-03
8.5085e-03
8.5088e-03
8.5090e-03
8.5090e-03
8.5090e-03
8.5091e-03
8.5091e-03
8.5091e-03
8.5091e-03
8.5091e-03
8.5092e-03
8.5092e-03
8.5092e-03
8.5092e-03
8.5092e-03
8.5092e-03
8.5092e-03
8.5092e-03
8.5093e-03
8.5093e-03
8.5094e-03
8.5094e-03
8.5095e-03
8.5095e-03
8.5095e-03
8.5095e-03
8.5095e-03
8.5095e-03
8.5095e-03
8.5095e-03
8.5095e-03
8.5095e-03
8.5095e-03
8.5095e-03
8.5095e-03
8.5095e-03
8.5095e-03
8.5095e-03
8.5095e-03
8.5095e-03
8.5095e-03
8.5095e-03
8.5095e-03
8.5095e-03
8.5095e-03
8.5095e-03
8.5095e-03
8.5095e-03
8.5095e-03
8.5095e-03
8.5095e-03
8.5095e-03
8.5095e-03
8.5095e-03
8.5095e-03
8.5095e-03
8.5095e-03
8.5095e-03
8.5095e-03
8.5095e-03
8.5095e-03
8.5095e-03
8.5095e-03
8.5095e-03
8.5095e-03
8.5095e-03
8.5095e-03
8.5095e-03
8.5095e-03
8.5095e-03
8.5095e-03
8.5095e-03
8.5095e-03
8.5095e-03
8.5095e-03
8.5095e-03
8.5095e-03
8.5095e-03
8.5095e-03
